,latitude,longitude,year,week_no,SulphurDioxide_SO2_column_number_density,SulphurDioxide_SO2_column_number_density_amf,SulphurDioxide_SO2_slant_column_number_density,SulphurDioxide_cloud_fraction,SulphurDioxide_sensor_azimuth_angle,SulphurDioxide_sensor_zenith_angle,SulphurDioxide_solar_azimuth_angle,SulphurDioxide_solar_zenith_angle,SulphurDioxide_SO2_column_number_density_15km,CarbonMonoxide_CO_column_number_density,CarbonMonoxide_H2O_column_number_density,CarbonMonoxide_cloud_height,CarbonMonoxide_sensor_altitude,CarbonMonoxide_sensor_azimuth_angle,CarbonMonoxide_sensor_zenith_angle,CarbonMonoxide_solar_azimuth_angle,CarbonMonoxide_solar_zenith_angle,NitrogenDioxide_NO2_column_number_density,NitrogenDioxide_tropospheric_NO2_column_number_density,NitrogenDioxide_stratospheric_NO2_column_number_density,NitrogenDioxide_NO2_slant_column_number_density,NitrogenDioxide_tropopause_pressure,NitrogenDioxide_absorbing_aerosol_index,NitrogenDioxide_cloud_fraction,NitrogenDioxide_sensor_altitude,NitrogenDioxide_sensor_azimuth_angle,NitrogenDioxide_sensor_zenith_angle,NitrogenDioxide_solar_azimuth_angle,NitrogenDioxide_solar_zenith_angle,Formaldehyde_tropospheric_HCHO_column_number_density,Formaldehyde_tropospheric_HCHO_column_number_density_amf,Formaldehyde_HCHO_slant_column_number_density,Formaldehyde_cloud_fraction,Formaldehyde_solar_zenith_angle,Formaldehyde_solar_azimuth_angle,Formaldehyde_sensor_zenith_angle,Formaldehyde_sensor_azimuth_angle,UvAerosolIndex_absorbing_aerosol_index,UvAerosolIndex_sensor_altitude,UvAerosolIndex_sensor_azimuth_angle,UvAerosolIndex_sensor_zenith_angle,UvAerosolIndex_solar_azimuth_angle,UvAerosolIndex_solar_zenith_angle,Ozone_O3_column_number_density,Ozone_O3_column_number_density_amf,Ozone_O3_slant_column_number_density,Ozone_O3_effective_temperature,Ozone_cloud_fraction,Ozone_sensor_azimuth_angle,Ozone_sensor_zenith_angle,Ozone_solar_azimuth_angle,Ozone_solar_zenith_angle,UvAerosolLayerHeight_aerosol_height,UvAerosolLayerHeight_aerosol_pressure,UvAerosolLayerHeight_aerosol_optical_depth,UvAerosolLayerHeight_sensor_zenith_angle,UvAerosolLayerHeight_sensor_azimuth_angle,UvAerosolLayerHeight_solar_azimuth_angle,UvAerosolLayerHeight_solar_zenith_angle,Cloud_cloud_fraction,Cloud_cloud_top_pressure,Cloud_cloud_top_height,Cloud_cloud_base_pressure,Cloud_cloud_base_height,Cloud_cloud_optical_depth,Cloud_surface_albedo,Cloud_sensor_azimuth_angle,Cloud_sensor_zenith_angle,Cloud_solar_azimuth_angle,Cloud_solar_zenith_angle,emission
latitude,1.0,0.2395107018067737,-7.655198753047854e-12,9.627213266520678e-16,0.0035065022213816143,0.045013135634461764,0.007386493718869907,-0.008391550449369884,-0.004875923238853793,-0.013898452738287045,-0.03158989817803133,-0.020286150263091968,0.007329935321289124,0.03736537050852421,0.1068242118564155,0.10181167671105641,-0.593062155309054,-0.030359286967470006,-0.02730455601242061,-0.022853023581745763,-0.007747946087838987,-0.0014898864278353873,-0.017691394434178734,0.03449274200090626,-0.0059684109527156325,0.00010951696020055679,0.03938024505932955,0.0007028238646047834,-0.5009952590134388,-0.001446118610613782,-0.025548555681968364,-0.03640824968757461,-0.030521062530613454,0.03159029802095674,-0.00450769104934319,0.029936537342524296,-0.007200324422442118,-0.02161862010675836,-0.030813630216143067,-0.016746706618568263,-0.003371276063556487,0.033453736881721076,-0.7822518662336165,-0.007539202303105846,-0.010265183472407988,-0.028843705916895654,-0.022596870516373043,-0.015242376907639929,-0.03143642948561022,-0.03861981069004701,-0.028988768645731283,0.0498177090577693,-0.00774488137890751,-0.012806585491102475,-0.028651539839797954,-0.02250183537234251,-0.016292921064622778,0.018560307302471105,-0.013796428402257557,0.0286528772008134,0.010193133541036278,0.24392808726596998,0.017342407738681613,0.048123115663929426,-0.14562488472369578,0.14850520038823356,-0.14880730485432375,0.1495284579013359,0.04919678662168851,0.16552148375921485,-0.010403972159500991,-0.021239350045876463,-0.028738173186578245,-0.020449446263332224,0.017850558434491622
longitude,0.2395107018067737,1.0,-2.4267834171377822e-12,1.3518999477549007e-16,-0.12966033904688481,0.08679730833946492,-0.1312382101458476,0.028866468488363287,-0.012620977920382302,0.013744874695217887,-0.030365461066266898,0.0028174289456124302,-0.1341871703078716,-0.0632127722025609,0.08461056297749339,-0.0004271923786001468,-0.08482429381991737,-0.05600755448191494,-8.743910395551427e-05,-0.00030372707838476727,0.03431034176408699,0.048544637293972306,0.046393144628570956,0.013464438471738687,0.014134470036709985,-0.03373985683343391,0.15203999131960885,0.00606172074909209,-0.09471706947364285,-0.01241889712055744,0.01591600399244414,-0.03696642839787783,0.001417919054888494,-0.020876140837752428,0.03144087456769666,-0.01455542271415964,0.0042578935721911985,0.012869316293216507,-0.01943246572390449,-0.0004445394323763464,-0.024962032854501298,0.0017887722755721496,-0.1619722579720776,0.019806381694970544,-0.031181084212153935,-0.004735863842199904,-0.005243499630201021,-0.013538633335743533,-0.05626995169037554,-0.05919309271886729,-0.022428544429553762,-0.08466265794573376,0.01726825620901155,-0.030294225872330435,-0.004089128407438484,-0.005292620492794742,-0.013953170391072764,0.006115748127985973,0.10737682827475503,-0.10407187471305868,-0.08730507883233549,-0.0595405173592093,0.19505810979234756,-0.10005990337545709,-0.047864123974508135,0.06231155651291603,-0.04428513545372588,0.059501196883396605,-0.0725397756568522,-0.043337039972228805,-0.01670146542146092,-0.03498282761033426,-0.005246877799911647,0.008237817648831787,0.1027464904365297
year,-7.655198753047854e-12,-2.4267834171377822e-12,1.0,4.20533172511553e-15,0.005307610938820145,-0.1279622420741973,0.0033944666312249404,-0.02267697438084227,0.05836336799608333,-0.01771825725778141,0.04135345808622196,-0.064881989899199,0.0007461920322820472,0.0762652555971634,-0.12656172496929982,-0.056521164039935456,0.012845715248097661,-0.00413855623683248,0.0315169299919744,0.01149821760276259,-0.0014138920357315435,0.24359077221363704,0.07340909938736478,0.4400631981399108,0.24988517284123568,0.24748646666974541,0.11710913613691326,-0.009811100169066122,0.015216469727680634,-0.007128593701897864,0.043323769338330584,0.027713031364390163,0.011867540996208212,0.06252667801576642,0.008668563567091723,0.08623324988417565,0.12998134307294015,-0.05195140778190714,0.026193630931552133,-0.004034876715392323,0.059753356400335696,0.01408663463383823,0.055063204424341726,-0.04374127363483139,0.009032720833563882,0.0030539493418678333,0.017001994941991967,-0.08594486584634642,0.0527945803409573,0.0003312378179617668,0.24202727772781069,0.21595624482018067,-0.036534283091020386,0.014855254303067979,0.0027077673694741408,0.011076714880570453,,,,,,,,0.2747261186048653,0.0069333569250357085,0.08037106859416317,0.0361653133469515,0.05647229010453404,-0.1180037408928693,-0.09392575905235001,0.002229069246727093,0.02096992807084235,0.003942885716101237,0.0008929194424667656,-0.013243712687771993
week_no,9.627213266520678e-16,1.3518999477549007e-16,4.20533172511553e-15,1.0,0.003520292928593058,0.0643267593847607,0.011542685436446294,-0.00167817613392426,0.028060973788365678,-0.09179272279991256,-0.06135146273213305,0.27271354834047923,0.006531064479153551,-0.06599486049770582,-0.0882308850616205,-0.025904765463221475,0.07579414428130869,0.004101756154610891,-0.03956190049827002,-0.08966176951221007,0.3407162505466777,0.2790687739772271,0.10295463103846599,0.4656212077280364,0.3096710117107702,0.347501356854547,0.09646556782702205,0.01386055646372548,0.09939587325946608,-0.03257629043838762,-0.06829321882853366,-0.09642469358553586,0.3298370617250901,-0.03568729680573438,0.0781955873403614,-0.002676450950507166,0.08619056492756783,0.28668855066931515,-0.07839877309118855,-0.0638036981992026,0.014707628255943139,0.0946131419896037,0.06230844726526348,0.03858186859110191,0.01153622193740225,-0.08539799362685974,0.37818898730708894,0.039459289473456255,0.11140466141823725,0.12134900937925949,0.2223017773931807,0.12080775925467677,0.037509160127473365,0.0225988681892369,-0.08620710156197853,0.3792818332200428,-0.05298544739034068,0.04951146331737151,0.36752823779166416,-0.2646051019296854,0.03623974499848661,-0.983163548485809,0.15301782258977148,0.1446474164544617,0.016238131530022744,0.07848510163355647,0.02616226720446227,0.06735086150279258,0.06816014754229593,-0.04585141062368449,-0.007341749736520801,0.06281242866418116,-0.07615556813717016,0.3948028978953834,0.00708597027721469
SulphurDioxide_SO2_column_number_density,0.0035065022213816143,-0.12966033904688481,0.005307610938820145,0.003520292928593058,1.0,-0.06873156018803683,0.9670775166435743,-0.015100654010487853,0.01598945944592024,0.008546072788533273,0.038091350211615804,0.03651183057262706,0.9282529305321425,0.056555592390222745,0.000277327014266816,0.0018324006561954414,-0.007986791791533448,0.012056175519285998,-0.002652859199196929,0.03753562983496708,0.047450111322407534,-0.01685196435389642,-0.013486690199900234,-0.009664857808692081,0.001501041908417719,-0.004742056426024569,-0.08167296152767203,-0.008693891305320061,-0.01783880758742656,0.022344416350862716,-0.002280204745270804,0.03640500796936235,0.027866634224567564,0.015460202430591296,-0.03874080736906293,0.007763173762578224,-0.008989713114437366,0.04222725712992078,0.03774883507325262,0.009965696862193774,0.01109893231098221,-0.04764794974662329,-0.004937493114043569,0.001084188119382849,0.0155671013032724,0.039231423725112076,0.05712720021466336,-0.022331395968514696,0.03812070862981016,0.024191086657231003,0.02911890680742003,0.0012536909994538318,0.006768079948032392,0.013982737469674732,0.03918730882642022,0.05539722501094199,-0.02394316328387433,0.03505999029531573,-0.00985260660855305,0.04396165236382124,-0.015515598310639435,-0.11079175312860234,-0.0438508060087066,0.0020002187614952005,0.0129461145941502,0.0009253646349741817,0.010201132988252565,0.0022361461449997913,-0.007386542716499209,-0.008933212826791844,0.01829772886675198,0.023466888633222008,0.04024026969247517,0.05053027687402595,-0.01912599782025314
SulphurDioxide_SO2_column_number_density_amf,0.045013135634461764,0.08679730833946492,-0.1279622420741973,0.0643267593847607,-0.06873156018803683,1.0,-0.03904585036116953,0.25271760364146967,-0.11042734500189748,-0.07748727228503369,-0.15250039690629819,0.0839098008454754,-0.03761830647426333,-0.33139510109779696,0.03475715818533474,0.02441850238976574,0.02102340004465387,-0.08427684254323227,-0.0048752500590383135,-0.15019774893761217,0.0592227350480901,-0.2509950589868212,-0.23836542286189588,-0.10923774662472786,-0.17858583559027014,-0.15199980844103878,-0.11456013371959649,0.19396621351644583,0.07275236520386566,-0.12259826508458795,-0.05712338777505369,-0.17745858184593374,0.08154211197751851,-0.2878209791059356,0.7259056985813963,-0.11485883476412714,0.16211136154258987,0.07486491141012494,-0.1515028626232597,-0.041483609172613,-0.1003355559094993,-0.07422820789334542,-0.012651948639548962,-0.07136991880561898,0.016335991879926525,-0.14818387705146288,0.045497474579249075,-0.14456878922071179,0.03063458308528675,-0.04448377650457126,-0.07365119831900024,0.11087776518278807,-0.07829869225169979,0.018515450350766283,-0.1484512456037284,0.0486211038853631,0.032961446731496244,-0.04100383383993737,0.08990671145543402,-0.05992690318675004,0.16686079469627832,-0.6305021751678362,-0.1879219233759941,0.0574125868661464,0.07116078677482772,-0.05403423626347474,0.06546258244533988,-0.04943718220716717,0.1331653274431474,0.298978119087495,-0.051253552784444864,-0.024776929440487688,-0.14716587228928218,0.040611394435152125,0.0003466422805732013
SulphurDioxide_SO2_slant_column_number_density,0.007386493718869907,-0.1312382101458476,0.0033944666312249404,0.011542685436446294,0.9670775166435743,-0.03904585036116953,1.0,-0.01328999619780232,0.018251139286050832,0.005420873107863064,0.03335748730704455,0.042636201322382584,0.9569791517331717,0.04205785192159104,-0.003889731722527641,-0.002950269446481575,-0.009017711714856876,0.011880715555690343,-0.0006287880598398512,0.033291974808092796,0.05598237107890998,-0.022142540174836026,-0.019828698981426814,-0.009072384601869982,-0.0021722113473154627,-0.007583061042240807,-0.08804239978093857,-0.006495267937375903,-0.019009008524395847,0.02446384905903766,-0.004426003333322059,0.03318444407895641,0.03492313894410903,0.007282646007002582,-0.01650643208988526,0.006556765457695711,-0.006601457027987731,0.048665138695781616,0.033146155672685126,0.00757907711183697,0.014358433831603705,-0.04729676128042633,-0.00590749944697297,0.00029544012353214535,0.013901076378273505,0.03471497062404245,0.0665953289559655,-0.032407969761506006,0.04089306687135032,0.02157259588980215,0.030152612722522936,0.004296538868706592,0.005240599562413493,0.013241768672286727,0.03465533487505858,0.06498013176715234,-0.02315423749297396,0.035257538812474246,-0.0038385120188047,0.03609621853616061,-0.03200954907875543,-0.11151537453733812,-0.044830630995130884,0.005177017972189559,0.022602037495687365,-0.007471805321988568,0.019361695050638016,-0.00585150080344678,-0.0015997769947257276,0.009001491512754181,0.01630462059242198,0.022929816668402953,0.03570676645588497,0.0597615418506595,-0.021958519759256986
SulphurDioxide_cloud_fraction,-0.008391550449369884,0.028866468488363287,-0.02267697438084227,-0.00167817613392426,-0.015100654010487853,0.25271760364146967,-0.01328999619780232,1.0,-0.10401321152557373,0.221142700884387,0.02057442843126769,0.06456089751702522,-0.021545068399433133,-0.012316570574016878,0.04947328015516502,0.23238229381606804,-0.012025321055352587,-0.04912570482850509,0.17045548950866643,0.02359907282514984,0.01477337277903517,-0.041257994568678825,-0.04448210251320325,-0.0068631983868028094,0.07761273648663648,0.03299105323718305,0.05805531696523155,0.5328556347583893,0.09780732059599136,-0.16428811394063247,0.1796989890319726,0.02387438496168224,0.11847002201918452,-0.08164487346801805,0.24858304006298473,-0.024214300422008728,0.6946745529187398,0.04044193186949664,0.02264954500989574,0.20811216207265726,-0.07954701245125799,0.029258653945563016,-0.008566627150490039,-0.03196641527448159,0.1353787947826853,0.020145890269851943,-0.0022839578816285233,0.016247426439076555,0.14057335483388336,0.1354653460668655,-0.05974920862689064,0.2763822675862527,-0.03548521180979872,0.13494344856899937,0.02015240247041258,-0.0009800223926780306,0.05554072269365952,-0.06294065880317361,-0.036667407676103166,0.023314499181675018,0.07570908120657463,0.10846913115841986,0.020826159582187358,0.09733922185994992,-0.01618394069481153,0.0015781305343055445,-0.00016097696786726356,-0.010371707844333965,-0.028824968095703875,0.054561282486510335,0.03346565380243801,-0.031204818155129845,0.02072382533112907,-0.02839999661427152,0.006195413231667623
SulphurDioxide_sensor_azimuth_angle,-0.004875923238853793,-0.012620977920382302,0.05836336799608333,0.028060973788365678,0.01598945944592024,-0.11042734500189748,0.018251139286050832,-0.10401321152557373,1.0,0.05099793802167301,0.007987603867907584,-0.5742927856608344,0.013050962505411785,0.033441262120454854,-0.09670259323402036,-0.026817637085311714,-0.3040079640666867,0.5409263886690515,0.0174075090860343,0.0010851221590189692,-0.22150421953483368,0.002564027886209615,0.0007237659698948599,-0.0009817227752582172,-0.0015755379547493131,0.0007664491059314008,-0.26750339239819027,-0.048659731029162455,-0.56509762602451,0.8447454444991056,0.02368547308371684,0.014872529680309403,-0.4761251581691422,0.06445606074250917,-0.08006468959179645,0.042473158837701676,-0.05524862052238778,-0.4147265916839035,0.004420014351877525,0.04627307390588124,0.7943488763299236,-0.003285447140848626,-0.145408387693063,0.3795476332154829,0.027476548780483955,0.005357075561091873,-0.07798111531116847,-0.020182248884989616,0.005892662334975906,0.0007660848365338547,0.01625210054111966,0.02533654830832485,0.38256057458355847,0.02741470597750545,0.004950391187387663,-0.08027467938872059,0.23689159291904782,-0.2397531206341003,-0.19793033031957274,0.1610344411509105,0.5997102610029217,-0.14766015300113883,-0.09398699708952353,0.009995283819136128,0.01405958416395319,-0.013413189572647059,0.02370108425450993,-0.019349281690453482,0.017201207580151433,-0.11881861777397977,0.2093264674186913,0.017947734140067992,0.0044107460911268015,-0.05015055333240326,-0.025079443689625662
SulphurDioxide_sensor_zenith_angle,-0.013898452738287045,0.013744874695217887,-0.01771825725778141,-0.09179272279991256,0.008546072788533273,-0.07748727228503369,0.005420873107863064,0.221142700884387,0.05099793802167301,1.0,0.03247692884398752,-0.04025625269287946,-0.013142508277859566,-0.013806370373644761,-0.0488866884930652,0.06717906404581861,-0.08904521279816444,0.02610108907392128,0.5290259434294863,0.030623271092121304,-0.01719305153851964,0.007726128226803679,0.0070005157418903015,-0.005080563925426387,0.4309428149126406,-0.07412164026234302,0.2182707612478346,0.1525100909336552,-0.14831434273742092,0.02618722052381689,0.8334834598108857,0.0346055553360175,-0.0035551971662859923,-0.012606398175104165,0.031199871386481986,-0.0032462278801521677,0.10738831978774463,-0.03519935353325697,0.031130253326761694,0.7833156916357321,0.04168100103767594,0.13373409515404097,-0.03445731304054563,0.035351200799906744,0.3711613560308403,0.028368777536619608,-0.030222499938452805,-0.008834855897882585,0.29990719627175433,0.26904990820113067,-0.004904642347451809,0.044895068982445954,0.036649908099020564,0.3694389850142515,0.02845909911077536,-0.031434023079717134,0.22919006638422354,-0.22191436181282345,-0.49632413190959435,0.5182068723223868,0.19619227111848983,0.3088103982846789,-0.16589131583714298,-0.017057506988076582,-0.012910214238630776,-0.01202619443392301,-0.011949398444685537,-0.012921128468947359,-0.06814142332053282,-0.021071063817213662,0.04617505467615077,0.15774704356809027,0.02641813487539247,-0.04313205376642528,-0.005703676886720775
SulphurDioxide_solar_azimuth_angle,-0.03158989817803133,-0.030365461066266898,0.04135345808622196,-0.06135146273213305,0.038091350211615804,-0.15250039690629819,0.03335748730704455,0.02057442843126769,0.007987603867907584,0.03247692884398752,1.0,0.17715992305949815,0.02772192225285282,-0.007614742301808639,-0.17573958525253264,-0.2998609294722102,-0.024889806641554425,-0.007308070593640445,0.02188760986269787,0.9909430628288114,0.2127604248993897,0.22681502407525492,0.1714663918945901,0.1916533343248075,0.19232106291301346,0.2593703585288289,0.02746444187769276,-0.0066447562454696706,-0.062260961859896234,0.03911881729755532,0.034970802655766096,0.9960419010653574,0.14934618887911408,0.11969300854246419,-0.13933804651292164,0.07599736141613528,0.02349082032012598,0.18577130992794508,0.9952840437120072,0.028646644808645504,0.008150495038591095,-0.04374580563503824,-0.03253348313640771,0.017515045436373115,-0.011857011347743213,0.9903652491473365,0.2313525984554362,0.4527810478095769,0.08370417898426273,0.30082212789664087,0.36269186896610284,-0.27910933310509606,0.016511330219314908,-0.010535804892186137,0.9904925349513203,0.2302342264243838,0.048896818764018524,-0.0467756027902447,-0.3630823459423716,0.2636032929766687,-0.020654005295547454,0.9929110902446037,-0.1770450120445295,-0.26497592289362365,0.34386774109445234,-0.2605702463199499,0.3503118535992672,-0.2661832705684687,-0.22407878137216103,-0.1595821520100355,-0.03828640806005209,0.06936226359022976,0.9887809085925103,0.2552731342483496,-0.0323384761410355
SulphurDioxide_solar_zenith_angle,-0.020286150263091968,0.0028174289456124302,-0.064881989899199,0.27271354834047923,0.03651183057262706,0.0839098008454754,0.042636201322382584,0.06456089751702522,-0.5742927856608344,-0.04025625269287946,0.17715992305949815,1.0,0.041390107286510214,-0.15971445341671556,-0.05308864809383637,-0.07610845739054707,0.24449581153388933,-0.29884174077533654,0.028677212788095825,0.18960488012582183,0.7676542477651236,0.1407075126568463,0.08055776709578323,0.17792569047358311,0.20082909395611778,0.09069285843731563,0.12327373580599549,0.03263990973649322,0.4482685364529596,-0.45395410329143937,0.0020935416060931717,0.18106387491307482,0.9068408953451356,-0.0691395800410488,0.09052494310881117,-0.037035224656796345,0.03337423022307591,0.882260418405785,0.18434978609268363,-0.03330357059555961,-0.450474487755731,-0.06744734914434192,0.14727880819475556,-0.1872008198477034,0.011841308755126023,0.186102416896879,0.736823449815581,-0.15873597916067997,0.2656891295372493,0.15720661310836917,0.165104581188162,-0.11975779514762303,-0.18838111668613158,0.013237752167845566,0.1863008662007583,0.7388568266036691,-0.2810516380084679,0.278930653946014,0.300941026870024,-0.22366598642944793,-0.2748421399177044,-0.0503021195265538,0.6968845472501533,-0.08630308168445465,0.20525528251244338,-0.14685721489020823,0.20076721309121948,-0.14617054706007104,-0.0568394602334829,0.21266773863854058,-0.10761097686004886,0.06280156686453926,0.18587150074581524,0.6932309352133008,-0.0014010747510801967
SulphurDioxide_SO2_column_number_density_15km,0.007329935321289124,-0.1341871703078716,0.0007461920322820472,0.006531064479153551,0.9282529305321425,-0.03761830647426333,0.9569791517331717,-0.021545068399433133,0.013050962505411785,-0.013142508277859566,0.02772192225285282,0.041390107286510214,1.0,0.04396897201796722,-0.002224296448820205,-0.0035494832128460064,-0.0056436768247414785,0.008606467657039336,-0.010217537645402229,0.027487531062376568,0.05216774542773794,-0.026687768938368186,-0.023809994881106317,-0.016490212152053273,-0.015850851268525014,-0.01137286449164271,-0.09488880603951412,-0.018261248321837485,-0.01289461023269833,0.020007478176335726,-0.020312593307299055,0.02793567128578115,0.03281067341292438,0.004557090555873411,-0.016988188069322233,0.0030164098318184005,-0.012865301901857919,0.046862286442838796,0.027644700934938576,-0.005954667615134915,0.008913295374184279,-0.050715229347731795,-0.003836981997955906,-0.003901450586549093,0.009311078790063447,0.028926755262055112,0.06236948148603812,-0.03610789282467446,0.03503698886769255,0.014555739274156852,0.028308039784538396,0.0031635016675781277,0.0010683564944600232,0.008454020053219647,0.028828708011215256,0.060811946680105214,-0.029862726553772072,0.04104591634096947,-0.013872185082222505,0.04897710560375477,-0.027747037490636017,-0.09112733406661212,-0.05622892121491936,0.006328969951363761,0.01948149850328323,-0.004647319493247687,0.01582566469264582,-0.0027170546890149375,0.0018652092856139297,0.013025007895714221,0.013198835573168444,0.02171442464092857,0.02995803171787917,0.05594763851067184,-0.022011337300077257
CarbonMonoxide_CO_column_number_density,0.03736537050852421,-0.0632127722025609,0.0762652555971634,-0.06599486049770582,0.056555592390222745,-0.33139510109779696,0.04205785192159104,-0.012316570574016878,0.033441262120454854,-0.013806370373644761,-0.007614742301808639,-0.15971445341671556,0.04396897201796722,1.0,-0.05253835045946514,-0.09068614761802977,-0.040475738558020995,0.0019268714431198428,-0.012271428924930251,-0.017388370562297552,-0.15568621734887028,0.3019215110051283,0.3304898383799698,0.038189143231981436,0.16387660478041582,0.1447808449297747,0.22564088338731067,-0.03582836227908424,-0.059990977485658896,0.03533543676293682,0.0024317034463053173,-0.005019161735409135,-0.15435884307084802,0.24173285951337634,-0.24563345426032104,0.18498936916624256,0.002851471438057201,-0.15786004414660848,-0.010708842131048158,-0.02484099834151411,0.030080745145910602,0.1766862083481499,-0.08425730967864171,0.039843657104588655,0.01868712251740753,-0.016392602282400096,-0.19646811678893417,0.14815867122053655,-0.06156760639508919,0.01935651052279625,-0.075695823111184,-0.05657339350105344,0.040081416740767414,0.013570082784182539,-0.016411881638090365,-0.1970878152315187,-0.0027545185011925324,0.010250988056041988,-0.15159511871460032,0.09130219512284055,-0.11777354360124125,0.5502220969221993,0.019252936967797764,-0.04328985951356312,0.09561724974233358,-0.09443100922304731,0.10076626005457495,-0.0988513252172448,-0.1063235423020001,-0.33334733652594384,0.03487976491771606,0.01592170365383345,-0.01654370296417844,-0.1885588009155822,-0.04132798402570684
CarbonMonoxide_H2O_column_number_density,0.1068242118564155,0.08461056297749339,-0.12656172496929982,-0.0882308850616205,0.000277327014266816,0.03475715818533474,-0.003889731722527641,0.04947328015516502,-0.09670259323402036,-0.0488866884930652,-0.17573958525253264,-0.05308864809383637,-0.002224296448820205,-0.05253835045946514,1.0,0.5441415745930254,0.017194960503569987,-0.09569659697610904,-0.10545365906768452,-0.16381925268630163,-0.08057123784888601,-0.21241993820953117,-0.1316314600806936,-0.24110627030735698,-0.19999106415326592,-0.17948557182225436,-0.1148253130393908,0.02228467547558535,0.012607940827708539,-0.0868258166354319,-0.032732242609943375,-0.17845308284447386,-0.06598551516456605,-0.02796499769703699,-0.11643346389396216,-0.07460461242259467,0.01627155660478335,-0.060531565845067296,-0.1740373741567017,-0.0546409428672016,-0.09622848810773522,-0.1894464972891894,-0.07772391216383669,-0.022152432028875336,-0.05367630912164137,-0.16652343846703482,-0.14700104163527777,-0.07022679772735349,-0.13453944711172913,-0.15845574797613904,-0.12277231525487735,0.05946050216630014,-0.026921726961747265,-0.05696524329337967,-0.16625576948101237,-0.14394086902096695,0.012178025425453742,-0.014671956670802986,0.22649235946806043,-0.09338790588816334,0.005742157265359217,-0.6038372795130597,0.09479201810455713,0.04069644700712123,-0.3859377150896126,0.3889800512161883,-0.3989983576587862,0.3947866864227805,0.10627755204831778,0.11120794516843224,-0.023674908042675906,-0.06656075583573391,-0.16538470841431016,-0.14300076530014216,-0.04321704327844012
CarbonMonoxide_cloud_height,0.10181167671105641,-0.0004271923786001468,-0.056521164039935456,-0.025904765463221475,0.0018324006561954414,0.02441850238976574,-0.002950269446481575,0.23238229381606804,-0.026817637085311714,0.06717906404581861,-0.2998609294722102,-0.07610845739054707,-0.0035494832128460064,-0.09068614761802977,0.5441415745930254,1.0,-0.06685201539832346,0.02370464009097552,0.05387020863832817,-0.314815240785209,-0.11124924511492054,-0.19159305380378394,-0.1461750590251887,-0.1579932606894997,-0.10439375552118733,-0.13220562329691088,-0.09459466386354815,0.21605098320471924,0.008322286178353844,-0.05853208096471607,0.06587195124558574,-0.3101762801839103,-0.04040491550136456,-0.06137781350306729,-0.06639663125515542,-0.08286710958391252,0.26286504873630895,-0.06965656284103218,-0.3063364754829696,0.09762906783366483,-0.03534452108244488,-0.01842581901835434,-0.08247915550798161,0.016081042224649473,0.08215672873717889,-0.31599873622667746,-0.1265455932160513,-0.11902480896524018,0.023485442374315903,-0.03902464543973745,-0.18794635737242665,0.3659801988947986,0.015890799832421955,0.07473249076374487,-0.31604343551613223,-0.12481607561362644,0.1336471909016036,-0.13514303224184293,0.025405194332159344,0.014570819521210728,0.1291087159553471,-0.5316314825029583,0.0643366132154132,0.28205871504553437,-0.45269446578010003,0.40252319967429556,-0.4432821224162893,0.39311349073422647,0.17495655136235105,0.13354213686962862,0.029372955342651778,-0.04240659630477751,-0.31559578388651577,-0.13451574684207693,-0.01043149417398258
CarbonMonoxide_sensor_altitude,-0.593062155309054,-0.08482429381991737,0.012845715248097661,0.07579414428130869,-0.007986791791533448,0.02102340004465387,-0.009017711714856876,-0.012025321055352587,-0.3040079640666867,-0.08904521279816444,-0.024889806641554425,0.24449581153388933,-0.0056436768247414785,-0.040475738558020995,0.017194960503569987,-0.06685201539832346,1.0,-0.6319189699197189,-0.16363352449236898,-0.01595708176440811,0.4479606538373505,0.051972925905772474,0.026830968348886798,0.07053179176906535,0.041654755647798955,0.05938766345455606,0.1406370443433656,-0.004186573851275508,0.6387675055238539,-0.29554098131047324,-0.04080238552394833,-0.029576131762628476,0.24884942826524928,-0.050651693664305386,0.04816559922439922,-0.04136237413308303,-0.022183760906889487,0.26868002693118154,-0.022707091851664866,-0.08716499467714016,-0.3444297963709822,0.017738358038941304,0.7263989539329772,-0.2865285807899934,-0.07610616834383069,-0.0209015600047569,0.13252344964522675,0.01932046512892907,-0.02317680534691082,-0.01702576847791144,0.0344282790788545,-0.10103489668925185,-0.28958899465422266,-0.07199819874033499,-0.02090663237672647,0.13452391393292998,-0.10781352043168817,0.11170243647508397,0.23154216338334183,-0.18447939653171716,-0.23388902907320075,-0.19309976776337429,0.2946793629680056,-0.07121454772212207,0.08470390040379908,-0.065588155290803,0.07842464727648775,-0.060797090339553474,-0.05691211474615859,-0.06539697167107661,-0.2044493183997546,-0.024411015228485905,-0.02224693155665914,0.11508308988047639,-0.0018649201767116392
CarbonMonoxide_sensor_azimuth_angle,-0.030359286967470006,-0.05600755448191494,-0.00413855623683248,0.004101756154610891,0.012056175519285998,-0.08427684254323227,0.011880715555690343,-0.04912570482850509,0.5409263886690515,0.02610108907392128,-0.007308070593640445,-0.29884174077533654,0.008606467657039336,0.0019268714431198428,-0.09569659697610904,0.02370464009097552,-0.6319189699197189,1.0,0.016460656743274894,-0.021155418543103204,-0.5161385838045621,-0.03935342326105152,-0.01768442573167093,-0.06148872636226295,-0.05140817735932398,-0.04377859386351294,-0.2129257425173708,-0.04478686379164584,-0.33302483355244555,0.5248081018138642,-0.000924012635671897,0.004845670672434436,-0.2937729823437048,0.042908981072918614,-0.07004534731610573,0.025600400231156385,-0.01564195976864979,-0.31571412582040376,-0.008033617188804175,0.02263721519788148,0.5667048749428523,-0.05683939319477241,-0.189783437935056,0.498718058408502,0.02320169537944092,-0.010547155433860787,-0.135075907515675,-0.02101130831912918,-0.020135626496583174,-0.02110594227678378,-0.019740474103137996,0.08289372606996008,0.5027523789124074,0.01754037902602943,-0.010834882564945065,-0.1374191783190611,0.14539942424963714,-0.15214389132769285,-0.18910143881572802,0.1344361918911471,0.48273127515631264,-0.06998973275734892,-0.1428982293949912,0.0701176327492065,-0.028705858659849922,0.015478902160756562,-0.018236480264260186,0.008484925856484455,0.0535973284226367,-0.05633706494298308,0.34843875810783265,0.001508287381456701,-0.009536779333870945,-0.11250156017217335,-0.0032521671503849578
CarbonMonoxide_sensor_zenith_angle,-0.02730455601242061,-8.743910395551427e-05,0.0315169299919744,-0.03956190049827002,-0.002652859199196929,-0.0048752500590383135,-0.0006287880598398512,0.17045548950866643,0.0174075090860343,0.5290259434294863,0.02188760986269787,0.028677212788095825,-0.010217537645402229,-0.012271428924930251,-0.10545365906768452,0.05387020863832817,-0.16363352449236898,0.016460656743274894,1.0,0.008248455301008284,0.03508147263872351,0.014180038621902029,0.008599016961639751,0.00874008444834892,0.2725642884600396,-0.048434175984782286,0.12648681368176723,0.14237727997541436,-0.0021926632223150297,-0.02307111839045403,0.5151897696561473,0.01917355244984111,0.08241249920356493,-0.0421371275027879,0.0672001426928316,-0.01683045040328909,0.1863921489073776,0.03975680783934215,0.018397762882035228,0.5584164100890553,-0.0043836245623758525,0.12817483374512306,-0.014078526119773473,0.008944241475622202,0.5139173498095625,0.007833274845147774,0.023495599286612545,-0.03803885688454894,0.442555177638575,0.3865865043731263,-0.03973375505690511,0.1080832028840196,0.012630807922590307,0.511842357256194,0.007556810510599144,0.02113274404209646,0.24448682794730922,-0.24023538869435493,-0.3694876281641173,0.278065772810424,0.16772866423901722,0.1386735077886288,-0.09531324657784926,0.06369851809456793,0.020332172506860736,-0.04590940165940567,0.0291558741353626,-0.05294661172059253,-0.03384525486426593,0.031469062097310235,0.03217267561879973,0.31019461950528726,0.00525560179100009,0.005654841988627902,-0.0008159353006371773
CarbonMonoxide_solar_azimuth_angle,-0.022853023581745763,-0.00030372707838476727,0.01149821760276259,-0.08966176951221007,0.03753562983496708,-0.15019774893761217,0.033291974808092796,0.02359907282514984,0.0010851221590189692,0.030623271092121304,0.9909430628288114,0.18960488012582183,0.027487531062376568,-0.017388370562297552,-0.16381925268630163,-0.314815240785209,-0.01595708176440811,-0.021155418543103204,0.008248455301008284,1.0,0.18060912105768623,0.21364267519764626,0.16904362952904142,0.1639323728732499,0.1713222711161151,0.2490684973802949,0.006345855085762336,-0.022785715311803685,-0.06601474678443801,0.042837855217902,0.032390861128987994,0.9894422651792927,0.13354095872939115,0.1102798690940733,-0.12310792498574136,0.07464906783997077,-0.017076973753242127,0.16688431762575348,0.9919074854432772,0.019836709683557472,0.007210831510160206,-0.07175005621061814,-0.03936953393233104,0.00969016123702016,-0.02209210531183828,0.9951744031396764,0.191125951889238,0.45613511115444727,0.05172190585733083,0.28021832773058064,0.3500261270743704,-0.30274966107262263,0.008873790816121501,-0.021171969173419285,0.9952514851247849,0.19003307366532263,0.05148979318374699,-0.04838499241266567,-0.3724008668846425,0.25505121697947225,-0.032710686365752153,0.9898899397649458,-0.17649659281482183,-0.29423547629364694,0.34786756958404164,-0.2667268791165733,0.35190282429172387,-0.270465453224439,-0.2308469114279406,-0.1776228889775311,-0.0430334206618057,0.0626177135835714,0.9940150352923331,0.21618847470741795,-0.02628245340440263
CarbonMonoxide_solar_zenith_angle,-0.007747946087838987,0.03431034176408699,-0.0014138920357315435,0.3407162505466777,0.047450111322407534,0.0592227350480901,0.05598237107890998,0.01477337277903517,-0.22150421953483368,-0.01719305153851964,0.2127604248993897,0.7676542477651236,0.05216774542773794,-0.15568621734887028,-0.08057123784888601,-0.11124924511492054,0.4479606538373505,-0.5161385838045621,0.03508147263872351,0.18060912105768623,1.0,0.19307724433508852,0.10206970759303204,0.2552006753797533,0.26380088952990727,0.13499890177627116,0.06179895624603947,0.03284803586500706,0.20628959409372613,-0.2128549070073933,0.02439802959378154,0.19532148175961753,0.7477484054631112,-0.0578346217217772,0.0924117451499094,-0.026508390041438974,0.016253599296475962,0.7830424219788658,0.19551988211146554,-0.009408330278303189,-0.25750895611400315,-0.02552394339949326,0.16680637394682396,-0.2184326270938014,0.020831198310418717,0.1760626561712325,0.8319827418236644,-0.18614152403448586,0.3018322424828148,0.1764578951542586,0.21000449821597877,-0.12474904248580904,-0.2184928592932013,0.026752220372272387,0.17595978862035822,0.8331804460768811,-0.12903426909114474,0.13381493210509213,0.19502699189940223,-0.1118708312418427,-0.13371664782153195,-0.13689247611325372,0.5909233920852137,-0.1013295082547903,0.24452108908705913,-0.17171402766475802,0.24133876248572106,-0.17194867206768658,-0.09276971264592085,0.1832877013576191,-0.15291786266994137,0.07724378938634824,0.17458829995669506,0.7952663935530379,-0.018803374124044533
NitrogenDioxide_NO2_column_number_density,-0.0014898864278353873,0.048544637293972306,0.24359077221363704,0.2790687739772271,-0.01685196435389642,-0.2509950589868212,-0.022142540174836026,-0.041257994568678825,0.002564027886209615,0.007726128226803679,0.22681502407525492,0.1407075126568463,-0.026687768938368186,0.3019215110051283,-0.21241993820953117,-0.19159305380378394,0.051972925905772474,-0.03935342326105152,0.014180038621902029,0.21364267519764626,0.19307724433508852,1.0,0.8676144783997831,0.5182809566920574,0.7523306463949677,0.28566764357938257,0.37166744088341125,-0.07986681992433972,0.0438141709414588,-0.038711411119229364,0.037268796954057395,0.21597556650830188,0.17388214915947095,0.26178956206667886,-0.18813066531493697,0.2324704882506341,0.019166881498171272,0.16024321757013466,0.21580029816380797,0.007001334467254358,-0.014716427591042372,0.2995436058788418,0.04719353212022757,-0.015162409381295554,0.020362040208240426,0.21289718486650785,0.19939186013109822,0.25340326960863485,0.08761179290245824,0.1985291357817882,0.3408174149414386,-0.07449638132560481,-0.01191162405701175,0.022259541558982274,0.21283498986167593,0.19735776740269223,0.02165818577482442,-0.01831823101608513,-0.029721561234884383,-0.09134130192952163,-0.06617149328175626,0.35662407820660813,0.14328983711916515,-0.020520362153206757,0.1485228855322153,-0.13353903629971267,0.17053325910605802,-0.14935229387069227,-0.132689029812068,-0.30517710802285497,0.008846937766970507,0.05047126636467981,0.2114386437044467,0.18497274883951056,-0.00591993163070291
NitrogenDioxide_tropospheric_NO2_column_number_density,-0.017691394434178734,0.046393144628570956,0.07340909938736478,0.10295463103846599,-0.013486690199900234,-0.23836542286189588,-0.019828698981426814,-0.04448210251320325,0.0007237659698948599,0.0070005157418903015,0.1714663918945901,0.08055776709578323,-0.023809994881106317,0.3304898383799698,-0.1316314600806936,-0.1461750590251887,0.026830968348886798,-0.01768442573167093,0.008599016961639751,0.16904362952904142,0.10206970759303204,0.8676144783997831,1.0,0.12451689080118701,0.5706502610942796,0.16983251715805325,0.20859117758552898,-0.06516289195613834,0.012043407130763949,-0.01344579728812873,0.03015715016742596,0.1707426809480485,0.08417890707950544,0.26075320456661893,-0.18612279149190464,0.22757448681371797,-0.01969523974134019,0.08632718820990752,0.17052996626109646,0.004330233189471775,-0.0057215197283030286,0.15788991642643857,0.03051724291408616,-0.007130801133512943,0.011550508587915781,0.1690575493684478,0.11019709158278417,0.1455849252218573,0.044933110091707966,0.11105648056923031,0.13100713089110846,-0.10905573998641677,-0.003821364134940708,0.012466963999211296,0.16907111881671272,0.10819358372248715,0.014358657254756735,-0.010289519139475733,-0.055753126079933685,-0.06780101501333782,-0.05805823899627688,0.4526012089664638,0.12800395876330148,-0.07357005988498337,0.12438998338408916,-0.10936731688420287,0.13606106001165966,-0.11816225332388514,-0.11236595901159657,-0.2645507535749261,-0.0075596827880478005,0.037926268796825605,0.1675420040448165,0.107442093422435,0.0025132923761565476
NitrogenDioxide_stratospheric_NO2_column_number_density,0.03449274200090626,0.013464438471738687,0.4400631981399108,0.4656212077280364,-0.009664857808692081,-0.10923774662472786,-0.009072384601869982,-0.0068631983868028094,-0.0009817227752582172,-0.005080563925426387,0.1916533343248075,0.17792569047358311,-0.016490212152053273,0.038189143231981436,-0.24110627030735698,-0.1579932606894997,0.07053179176906535,-0.06148872636226295,0.00874008444834892,0.1639323728732499,0.2552006753797533,0.5182809566920574,0.12451689080118701,1.0,0.5857961552524751,0.3415130342122237,0.4700557730488876,-0.031565773774992284,0.08475013779423854,-0.07269793119830553,0.020792811068933187,0.16581275272216733,0.2501895831337161,0.07926361899091397,-0.0684181632858598,0.0764086580799489,0.09387700294480283,0.21036960875979166,0.16553791763860207,0.00023451317430864057,-0.027844582779346472,0.40122252688866344,0.05034897416000996,-0.025697343404872123,0.021332113979070564,0.16149297141195143,0.25441233675654074,0.3056411832707216,0.11607624007593008,0.24491476014780444,0.5331536727483703,0.05670312077561137,-0.025321069093102378,0.02450459547760364,0.16134881054720812,0.2538069273935755,0.011517321510808852,-0.016459027292965906,0.1875133477238645,-0.1388219740576817,-0.044131124975489,-0.592068651434059,0.07059470705000932,0.1115254947285334,0.09569967453537734,-0.0906676829321369,0.12385299392862043,-0.10995320812774036,-0.08316594613080433,-0.1834029227470918,0.033335509494616125,0.04177678625577244,0.1611537096463855,0.2252861118660656,-0.015479946694623147
